glass: {"ok":true,"err":"","fps":60,"frames":12,"size":743}

=== uMode=7：hash1(真实n+g) 三路 ===
  R=hash1(n+(-1,-1)) G=hash1(n+(0,0)) B=hash1(n+(1,-1))
  全图均值 R/G/B = 38 / 181 / 105
  8x8 网格去重数 R=4 G=4 B=4  (共64点)
  网格 R: 9,13,13,13,13,13,13,9,13,13,19,19,19,19,13,13,13,19,19,187,187,19,19,13,13,19,187,187,187,187,19,13,13,19,187,187,187,187,19,13,13,19,19,187,187,19,19,13,13,13,19,19,19,19,13,13,9,13,13,13,13,13,13,9
  网格 G: 108,199,199,199,199,199,199,108,199,199,229,229,229,229,199,199,199,229,229,0,0,229,229,199,199,229,0,0,0,0,229,199,199,229,0,0,0,0,229,199,199,229,229,0,0,229,229,199,199,199,229,229,229,229,199,199,108,199,199,199,199,199,199,108
  网格 B: 89,218,218,218,218,218,218,89,218,218,9,9,9,9,218,218,218,9,9,13,13,9,9,218,218,9,13,13,13,13,9,218,218,9,13,13,13,13,9,218,218,9,9,13,13,9,9,218,218,218,9,9,9,9,218,218,89,218,218,218,218,218,218,89

=== uMode=2：voro 返回的 id ===
  R=fract(id) G=fract(id*7.31) B=fract(id*13.7)
  全图均值 R/G/B = 0 / 135 / 140
  8x8 网格去重数 R=1 G=5 B=5  (共64点)
  网格 R: 0,0,0,0,0,0,0,0,0,0,0,0,0,0,0,0,0,0,0,0,0,0,0,0,0,0,0,0,0,0,0,0,0,0,0,0,0,0,0,0,0,0,0,0,0,0,0,0,0,0,0,0,0,0,0,0,0,0,0,0,0,0,0,0
  网格 G: 177,177,177,177,177,177,177,177,177,177,145,93,145,145,177,177,177,145,93,93,0,93,145,177,177,145,0,141,141,93,93,177,177,93,93,141,141,0,145,177,177,145,93,0,93,93,145,177,177,177,145,145,93,145,177,177,177,177,177,177,177,177,177,177
  网格 B: 172,172,172,172,172,172,172,172,172,172,79,174,79,79,172,172,172,79,174,174,0,174,79,172,172,79,0,9,9,174,174,172,172,174,174,9,9,0,79,172,172,79,174,0,174,174,79,172,172,172,79,79,174,79,172,172,172,172,172,172,172,172,172,172

=== 判定 ===
  hash1(真实n+g) 是否有空间变化: 是（R/G/B 去重数 4/4/4）
  voro 的 id 是否恒为极小值: 是（fract(id) 全图均值 0）
  >>> 结论：hash1 本身正常且随 n 变化，但 voro 返回的 id 恒为极小值
      => 问题定位在 voro() 内部 id 的赋值链路，而非 hash 函数
报错: 0 条