glass: {"ok":true,"err":"","fps":60,"frames":12,"size":743}

=== 测试5：hash2 是否随输入变化（uMode=6） ===
  R=hash2(n).x  G=hash2(n+(1,2)).x  B=hash2(n+(-3,1)).x
  全图均值 R/G/B = 112 / 102 / 122   (0~255)
  8x8 网格 R 去重数 = 4/64   G 去重数 = 4/64   B 去重数 = 4/64
  网格 R: 139,71,71,71,71,71,71,139,71,71,143,143,143,143,71,71,71,143,143,158,158,143,143,71,71,143,158,158,158,158,143,71,71,143,158,158,158,158,143,71,71,143,143,158,158,143,143,71,71,71,143,143,143,143,71,71,139,71,71,71,71,71,71,139
  网格 G: 58,142,142,142,142,142,142,58,142,142,50,50,50,50,142,142,142,50,50,157,157,50,50,142,142,50,157,157,157,157,50,142,142,50,157,157,157,157,50,142,142,50,50,157,157,50,50,142,142,142,50,50,50,50,142,142,58,142,142,142,142,142,142,58
  网格 B: 220,177,177,177,177,177,177,220,177,177,19,19,19,19,177,177,177,19,19,199,199,19,19,177,177,19,199,199,199,199,19,177,177,19,199,199,199,199,19,177,177,19,19,199,199,19,19,177,177,177,19,19,19,19,177,177,220,177,177,177,177,177,177,220
  -> hash2 三路取值若互不相同且各自有空间变化，则 hash2 正常

=== 测试6：Voronoi f1/f2/edge（uMode=5） ===
  R=clamp(f1*2)  G=clamp(f2*2)  B=clamp(edge*6)，edge=f2-f1
  全图均值 R/G/B = 196 / 253 / 205   (0~255)
  8x8 网格 R 去重数 = 11/64   G 去重数 = 1/64   B 去重数 = 6/64
  网格 R: 248,101,255,196,255,255,145,248,145,216,255,193,181,255,216,101,255,255,103,140,186,103,255,255,255,181,186,255,255,140,193,196,196,193,140,255,255,186,181,255,255,255,103,186,140,103,255,255,101,216,255,181,193,255,216,145,248,145,255,255,196,255,101,248
  网格 G: 255,255,255,255,255,255,255,255,255,255,255,255,255,255,255,255,255,255,255,255,255,255,255,255,255,255,255,255,255,255,255,255,255,255,255,255,255,255,255,255,255,255,255,255,255,255,255,255,255,255,255,255,255,255,255,255,255,255,255,255,255,255,255,255
  网格 B: 105,255,93,255,255,215,255,106,255,255,255,255,255,62,255,255,215,62,255,255,255,255,255,93,255,255,255,255,255,255,255,255,255,255,255,255,255,255,255,255,93,255,255,255,255,255,62,215,255,255,62,255,255,255,255,255,106,255,215,255,255,93,255,105
  -> 推算 edge 全图均值 = 0.1340   (clamp 影响下为下界)
  -> edge 均值若接近 0，说明 Voronoi 退化：9 个特征点几乎重合

=== 测试7：id 原始值（uMode=2） ===
  R=fract(id)  G=fract(id*7.31)  B=fract(id*13.7)
  全图均值 R/G/B = 116 / 130 / 69   (0~255)
  8x8 网格 R 去重数 = 4/64   G 去重数 = 4/64   B 去重数 = 4/64
  网格 R: 7,7,7,212,7,7,7,7,7,212,170,170,170,212,212,7,7,212,170,170,170,170,170,7,7,170,170,155,155,170,170,212,212,170,170,155,155,170,170,7,7,170,170,170,170,170,212,7,7,212,212,170,170,170,212,7,7,7,7,7,212,7,7,7
  网格 G: 51,51,51,20,51,51,51,51,51,20,223,223,223,20,20,51,51,20,223,223,223,223,223,51,51,223,223,113,113,223,223,20,20,223,223,113,113,223,223,51,51,223,223,223,223,223,20,51,51,20,20,223,223,223,20,51,51,51,51,51,20,51,51,51
  网格 B: 96,96,96,99,96,96,96,96,96,99,34,34,34,99,99,96,96,99,34,34,34,34,34,96,96,34,34,83,83,34,34,99,99,34,34,83,83,34,34,96,96,34,34,34,34,34,99,96,96,99,99,34,34,34,99,96,96,96,96,96,99,96,96,96
  -> R 应随位置显著变化；若恒为 0 说明 id 无空间变化

=== 判定 ===
  hash2 三路都有正常取值 -> hash2 正常
  edge 正常 -> 偏红另有原因
报错: 0 条